Steps per epoch:  610
Epoch: 7, Step: 3606
DEBUG: INPUT
[14584 23555 19216 15072 36578 20406 19334 19147 36772 33412 12351 14370
 30618 37517 35628 40679 39655 26314 41427 39957 30063 38685 14556 42833]
[2 2 2 2 2 1 1 1 1 1 1 1 1 1 1 1 1 1 1 1 1 1 1 1]
DEBUG: OUTPUT
[ 1097  6706  8277  5536 14184 10589 16698 16737 17195 15220  5431  1929
  3975 17167 13816 17825 14512  4251  5201  1510 16656  1634 14605 13467]
[1 1 1 1 1 1 1 1 2 1 1 1 1 1 1 1 1 1 1 1 1 1 1 1]
==================
DEBUG: CONCEPT
[41609, 31544, 47422, 44720, 19197, 14883, 48551, 8372, 48728, 43533, 15864, 36385, 49830, 37760, 49967, 49012, 49025, 22224, 48637, 31750, 35491, 42263, 49693, 40003]
[0, 0, 0, 3, 0, 0, 0, 3, 0, 0, 3, 3, 0, 3, 0, 0, 0, 3, 0, 0, 3, 0, 0, 0]
==================
Copy used. 0
Copy used. 1
Copy used. 2
Copy used. 3
Copy used. 4
Copy used. 5
Copy used. 6
Copy used. 7
Copy used. 8
Copy used. 9
Copy used. 10
Copy used. 11
Copy used. 12
Copy used. 13
Copy used. 14
Copy used. 15
Copy used. 16
Copy used. 17
Copy used. 18
Copy used. 19
Copy used. 20
Copy used. 21
Copy used. 22
Copy used. 23
Copy used. 24
Copy used. 25
Copy used. 26
Copy used. 27
Copy used. 28
Copy used. 29
Copy used. 30
Copy used. 31
Copy used. 32
Copy used. 33
Copy used. 34
Copy used. 35
Copy used. 36
Copy used. 37
Copy used. 38
Copy used. 39
Copy used. 40
Copy used. 41
Copy used. 42
DEBUG: log prob output
[-10.157244  -11.211432   -0.7920608 ... -11.512856  -11.512652
 -11.51288  ]
[-11.106008   -11.106006    -0.40539515 ... -11.512751   -11.5123
 -11.512822  ]
[-10.015541   -10.015551    -0.78111166 ... -11.509133   -11.507637
 -11.510243  ]
[ -9.158042   -9.158054   -0.8001648 ... -11.502199  -11.495952
 -11.502834 ]
[ -8.436628   -8.436681   -1.6115001 ... -11.432549  -11.37182
 -11.4567795]
[ -7.7292175  -7.7292542  -1.2929307 ... -11.431531  -11.390248
 -11.451037 ]
[ -8.672559   -8.672565   -0.951264  ... -11.499493  -11.4971695
 -11.503913 ]
[-11.511745   -7.9857554  -1.0521132 ... -11.487454  -11.45571
 -11.4959135]
[ -7.724872   -7.7247076  -1.6404333 ... -11.312054  -11.145767
 -11.359106 ]
[-10.211777   -10.211772    -0.30957627 ... -11.509397   -11.498964
 -11.51076   ]
[-11.511991    -9.3772955   -0.59511137 ... -11.506352   -11.489261
 -11.5082035 ]
[ -8.959035   -8.959055   -0.7393591 ... -11.492557  -11.473929
 -11.500296 ]
[ -8.614259    -8.614266    -0.43872365 ... -11.503313   -11.453199
 -11.506138  ]
[ -8.137125   -8.137154   -0.9326465 ... -11.476031  -11.454446
 -11.4832325]
[ -9.139698   -9.139721   -1.3617159 ... -11.490146  -11.485573
 -11.491841 ]
[ -8.94654    -8.946526   -0.4875623 ... -11.493941  -11.49029
 -11.499946 ]
[ -8.420606   -8.420636   -0.9784018 ... -11.443342  -11.405665
 -11.469572 ]
[-11.511698    -8.985628    -0.56707716 ... -11.502909   -11.489593
 -11.505288  ]
[ -8.156009   -8.156039   -1.2982813 ... -11.485298  -11.435497
 -11.492157 ]
[ -7.8604803  -7.860579   -0.8685937 ... -11.385607  -11.393253
 -11.415404 ]
[ -9.579311    -9.579303    -0.95154345 ... -11.506431   -11.496643
 -11.509173  ]
[-11.508975   -11.511516    -0.66980135 ... -11.512925   -11.512925
 -11.512925  ]
[ -7.688328   -7.688341   -1.2191734 ... -11.443593  -11.393258
 -11.463856 ]
[ -8.636461   -8.636436   -1.0243665 ... -11.473197  -11.439257
 -11.479817 ]
DEBUG: INPUT
[41124 42497 33870 20067 40778 22917 39857 29281 18778 23741 29255 33100
 42461 37614 28423 38920 37483 42584 15174 29604 34284 35345 22425 41459]
[2 2 2 2 2 2 2 2 2 2 2 2 2 2 2 2 2 2 2 2 1 1 1 1]
DEBUG: OUTPUT
[15151 17624  9026  4817 11095 15253 13732  2143  9239   691  7628 10411
  1738  5044  1417 16515 12377  4308  7687  2140  5436  7315  1180 13403]
[1 1 1 1 1 1 1 1 1 1 1 1 1 1 1 2 1 1 1 1 1 1 1 1]
==================
DEBUG: CONCEPT
[41966, 46433, 49486, 42560, 49300, 49563, 43452, 44923, 16708, 18824, 16359, 15887, 46636, 16332, 49636, 48894, 49707, 41887, 25148, 46339, 49804, 48461, 48572, 42582]
[0, 0, 0, 3, 0, 0, 3, 3, 3, 0, 3, 3, 0, 3, 0, 0, 0, 0, 0, 0, 0, 0, 0, 3]
==================
Copy used. 0
Copy used. 1
Copy used. 2
Copy used. 3
Copy used. 4
Copy used. 5
Copy used. 6
Copy used. 7
Copy used. 8
Copy used. 9
Copy used. 10
Copy used. 11
Copy used. 12
Copy used. 13
Copy used. 14
Copy used. 15
Copy used. 16
Copy used. 17
Copy used. 18
Copy used. 19
Copy used. 20
Copy used. 21
Copy used. 22
Copy used. 23
Copy used. 24
Copy used. 25
Copy used. 26
Copy used. 27
Copy used. 28
Copy used. 29
Copy used. 30
Copy used. 31
Copy used. 32
Copy used. 33
Copy used. 34
Copy used. 35
Copy used. 36
Copy used. 37
Copy used. 38
Copy used. 39
Copy used. 40
Copy used. 41
Copy used. 42
Copy used. 43
Copy used. 44
Copy used. 45
DEBUG: log prob output
[ -9.03031    -9.030366   -1.0809889 ... -11.479168  -11.399419
 -11.472981 ]
[-10.381594  -10.381594   -0.5374336 ... -11.512358  -11.51045
 -11.512526 ]
[ -8.249106    -8.2491045   -0.87855625 ... -11.492406   -11.470438
 -11.501267  ]
[-11.510812    -8.470642    -0.60501075 ... -11.493993   -11.466848
 -11.497685  ]
[ -8.382912   -8.382913   -0.5296456 ... -11.495333  -11.434821
 -11.496816 ]
[ -9.155164    -9.155149    -0.36620605 ... -11.497157   -11.439214
 -11.500456  ]
[ -8.54275     -8.542818    -0.92508566 ... -11.431086   -11.352337
 -11.467813  ]
[-11.509405   -8.051831   -1.4149594 ... -11.475684  -11.397656
 -11.464817 ]
[-10.151841  -11.220403   -1.2699819 ... -11.512832  -11.511823
 -11.512865 ]
[-11.482487   -11.482487    -0.24282709 ... -11.512925   -11.512919
 -11.512925  ]
[-11.510394   -7.8399925  -1.7679588 ... -11.47846   -11.44382
 -11.468049 ]
[ -7.6227536  -7.622756   -0.7872407 ... -11.493111  -11.444654
 -11.495611 ]
[-10.5977    -10.5977     -0.8641644 ... -11.512437  -11.511968
 -11.512451 ]
[ -9.086427   -9.086433   -0.8432152 ... -11.503197  -11.482364
 -11.507098 ]
[ -9.071848    -9.071861    -0.49390084 ... -11.503892   -11.495832
 -11.505877  ]
[ -8.938497   -8.938495   -1.3893733 ... -11.508     -11.499854
 -11.506328 ]
[ -8.889344    -8.889328    -0.47873062 ... -11.498673   -11.48263
 -11.501045  ]
[ -8.4890375  -8.489042   -0.4278645 ... -11.486602  -11.430721
 -11.493545 ]
[ -9.49546   -11.498738   -3.2085354 ... -11.512923  -11.512906
 -11.512923 ]
[ -9.279367   -9.279364   -0.8691294 ... -11.505766  -11.491948
 -11.507546 ]
[ -8.424121   -8.424124   -0.5200653 ... -11.493537  -11.482395
 -11.498976 ]
[ -8.747491    -8.747485    -0.69443935 ... -11.494445   -11.478177
 -11.500961  ]
[ -8.58224   -8.582237  -0.659761 ... -11.484446 -11.456871 -11.4853  ]
[-11.512535   -9.752959   -0.7669738 ... -11.506827  -11.5013
 -11.509837 ]
DEBUG: INPUT
[42296 37367 20318 28291 40844 30393 10289 22256 22365 24832 10003 15871
 34643 21968 13838 19226 42824 36609 36047 27854  6159 32717 31195 37674]
[2 2 2 2 2 2 2 2 2 2 2 2 2 2 2 2 2 2 2 2 2 2 2 2]
DEBUG: OUTPUT
[ 9409  3078  5020  9568  5204 17255 11669 11683 17093  5299 10270  3508
 14563  7895 12287  6089 15888  5659 16917 10440  5624 11032 17549 13807]
[1 1 1 1 1 1 2 1 1 1 1 1 1 1 1 1 1 1 1 1 1 1 1 1]
==================
DEBUG: CONCEPT
[45015, 39812, 38243, 49982, 44483, 49954, 49782, 49617, 24123, 48493, 48698, 47339, 43673, 49723, 48456, 36866, 37704, 42816, 49076, 49228, 28475, 49013, 45673, 49572]
[0, 3, 3, 0, 0, 0, 0, 0, 3, 0, 3, 0, 0, 0, 0, 0, 0, 0, 0, 0, 5, 0, 0, 0]
==================
Copy used. 0
Copy used. 1
Copy used. 2
Copy used. 3
Copy used. 4
Copy used. 5
Copy used. 6
Copy used. 7
Copy used. 8
Copy used. 9
Copy used. 10
Copy used. 11
Copy used. 12
Copy used. 13
Copy used. 14
Copy used. 15
Copy used. 16
Copy used. 17
Copy used. 18
Copy used. 19
Copy used. 20
Copy used. 21
Copy used. 22
Copy used. 23
Copy used. 24
Copy used. 25
Copy used. 26
Copy used. 27
DEBUG: log prob output
[ -9.087781   -9.087779   -3.2509594 ... -11.508721  -11.494306
 -11.511089 ]
[-10.197853  -10.197853   -3.5131705 ... -11.512835  -11.512377
 -11.512893 ]
[-11.512914  -9.544336  -5.544401 ... -11.511495 -11.496545 -11.512454]
[ -9.641675   -9.641674   -3.4082925 ... -11.5118    -11.508486
 -11.512111 ]
[-10.519478  -10.519478   -3.5130823 ... -11.512439  -11.51139
 -11.512646 ]
[ -8.625671   -8.625669   -3.8416471 ... -11.507136  -11.487508
 -11.509867 ]
[ -8.956234   -8.95623    -0.5362264 ... -11.499653  -11.428872
 -11.5060625]
[ -8.9578085  -8.9578085  -2.960417  ... -11.51207   -11.507154
 -11.512458 ]
[ -9.2996855  -9.299685   -1.544718  ... -11.511386  -11.502968
 -11.512277 ]
[ -9.996157   -9.996157   -3.5791576 ... -11.512556  -11.509562
 -11.512802 ]
[-11.51292    -9.081759   -2.3589044 ... -11.5118475 -11.506374
 -11.512609 ]
[ -8.190668   -8.190665   -3.1561997 ... -11.504603  -11.479932
 -11.50825  ]
[-10.154662 -10.154662  -4.79575  ... -11.512611 -11.510218 -11.512817]
[ -9.350998   -9.350998   -1.8732884 ... -11.512003  -11.502391
 -11.512297 ]
[ -9.429962   -9.429959   -3.4025283 ... -11.5104065 -11.501308
 -11.5112   ]
[ -9.860029  -11.512271   -3.0486858 ... -11.512925  -11.512925
 -11.512925 ]
[ -9.674523   -9.6745205  -4.994236  ... -11.51029   -11.493953
 -11.511675 ]
[ -8.953783 -11.512818  -4.10397  ... -11.512925 -11.512925 -11.512925]
[ -8.182549  -11.512684   -7.1956835 ... -11.512925  -11.512925
 -11.512925 ]
[-10.885161  -10.885161   -3.7476568 ... -11.512891  -11.512813
 -11.512916 ]
[-11.512917   -9.721905   -4.2139583 ... -11.512143  -11.506335
 -11.512638 ]
[ -8.19226    -8.192257   -2.3545735 ... -11.487536  -11.474737
 -11.503331 ]
[ -8.694655  -11.493544   -7.1951427 ... -11.512899  -11.512887
 -11.512904 ]
[ -9.697536   -9.6975355  -4.0517726 ... -11.51165   -11.506692
 -11.512502 ]
DEBUG: INPUT
[31158 37699 33233 39230 11248 26089 18317 33941 11910 28304 38777 35801
 39824 23139 21091 32436 22679 40794 42637 35335 20568 16436 15259 34259]
[2 2 2 2 2 2 2 2 2 2 2 2 2 1 1 1 1 1 1 1 1 1 1 1]
DEBUG: OUTPUT
[ 3566 16135  2805  6266  6371 13069  8789  3294 13537  8142 13417   306
  3191  4557  5453 16367  2017 16518 12022 16038  2999  9043  1343  4883]
[1 1 1 1 1 1 1 1 1 1 1 1 1 1 1 1 2 1 1 1 1 1 1 1]
==================
DEBUG: CONCEPT
[49860, 14979, 49523, 41239, 48695, 23328, 49286, 49989, 36638, 44097, 43851, 49685, 49822, 36274, 49265, 47538, 49836, 49940, 45335, 33973, 49007, 49710, 46068, 40703]
[0, 0, 0, 0, 0, 5, 0, 0, 3, 3, 0, 0, 0, 3, 0, 0, 0, 0, 0, 0, 3, 0, 0, 5]
==================
Copy used. 0
Copy used. 1
Copy used. 2
Copy used. 3
Copy used. 4
Copy used. 5
Copy used. 6
Copy used. 7
Copy used. 8
Copy used. 9
Copy used. 10
Copy used. 11
Copy used. 12
Copy used. 13
Copy used. 14
Copy used. 15
Copy used. 16
Copy used. 17
Copy used. 18
Copy used. 19
Copy used. 20
Copy used. 21
Copy used. 22
Copy used. 23
Copy used. 24
Copy used. 25
Copy used. 26
Copy used. 27
Copy used. 28
Copy used. 29
Copy used. 30
Copy used. 31
Copy used. 32
Copy used. 33
Copy used. 34
Copy used. 35
Copy used. 36
Copy used. 37
Copy used. 38
Copy used. 39
Copy used. 40
Copy used. 41
Copy used. 42
Copy used. 43
Copy used. 44
Copy used. 45
Copy used. 46
Copy used. 47
Copy used. 48
Copy used. 49
Copy used. 50
Copy used. 51
DEBUG: log prob output
[-11.159761   -11.159761    -0.40331125 ... -11.512924   -11.512918
 -11.512925  ]
[ -9.6324835  -9.632483   -2.809171  ... -11.512555  -11.511881
 -11.512795 ]
[ -9.011991 -11.512821 -11.512925 ... -11.512925 -11.512925 -11.512925]
[ -8.833533   -8.83353    -2.5598457 ... -11.501037  -11.483377
 -11.509406 ]
[ -8.976047   -8.976047   -2.8503835 ... -11.507112  -11.501054
 -11.510906 ]
[-11.5129     -8.508048   -2.0577369 ... -11.510496  -11.508394
 -11.511985 ]
[ -8.323448  -8.323446  -2.52623  ... -11.501952 -11.49743  -11.509583]
[-11.4716015 -11.4716015  -2.758274  ... -11.512925  -11.512925
 -11.512925 ]
[-11.512925 -11.512893  -2.176301 ... -11.512925 -11.512925 -11.512925]
[ -8.225479   -8.225478   -2.1802804 ... -11.509615  -11.508403
 -11.511319 ]
[ -9.690774   -9.690773   -3.075674  ... -11.5124445 -11.511277
 -11.512509 ]
[-11.060263  -11.060263   -4.0296817 ... -11.512907  -11.512863
 -11.51292  ]
[ -9.2785     -9.2785     -2.0682383 ... -11.511612  -11.50924
 -11.512439 ]
[-11.512925  -11.180904   -2.5043373 ... -11.512924  -11.512917
 -11.512925 ]
[-10.388034  -10.388034   -2.6020265 ... -11.512862  -11.51281
 -11.512906 ]
[-10.136159  -10.136159   -3.7063982 ... -11.512471  -11.512121
 -11.512685 ]
[-11.487992  -11.506935   -2.9247465 ... -11.512925  -11.512925
 -11.512925 ]
[-10.459552  -10.459552   -0.8340343 ... -11.512818  -11.512724
 -11.51288  ]
[-10.804753 -10.804753  -5.168945 ... -11.512749 -11.51255  -11.51284 ]
[-11.440508  -11.494191   -3.0714805 ... -11.512925  -11.512925
 -11.512925 ]
[-11.512925 -11.225473  -5.146406 ... -11.51291  -11.512878 -11.512921]
[ -8.946535   -8.946535   -2.0370808 ... -11.512097  -11.50966
 -11.512483 ]
[-11.292937  -11.292937   -2.6280923 ... -11.512922  -11.512918
 -11.512924 ]
[-11.512925  -10.39966    -2.7029595 ... -11.512867  -11.512705
 -11.512904 ]
DEBUG: INPUT
[12603 34614 23400 35114 19855 35194 21237 23014 28828 27062 29297 31636
 37088 36934 39766 36897 38359 40930 29787 12432 24389 19530 23670 39707]
[2 2 2 2 2 1 1 1 1 1 1 1 1 1 1 1 1 1 1 1 1 1 1 1]
DEBUG: OUTPUT
[ 7194  7528  7053 16636   504 10987 10055  1523 16433 12915  3374  6197
  7109 14891  8708  1350  1132 15375 12675   354  2406 10547 14368  2982]
[2 1 1 1 1 1 1 1 1 1 1 1 1 1 1 1 1 1 1 1 1 1 1 1]
==================
DEBUG: CONCEPT
[27377, 47812, 48536, 21995, 39807, 37134, 41556, 14464, 49230, 49844, 32638, 28476, 49885, 48615, 36590, 47920, 49930, 31569, 48977, 49923, 42592, 26366, 44886, 42681]
[3, 3, 0, 3, 0, 0, 0, 3, 0, 0, 0, 0, 0, 0, 0, 0, 0, 0, 0, 0, 3, 3, 3, 0]
==================
Copy used. 0
Copy used. 1
Copy used. 2
Copy used. 3
Copy used. 4
Copy used. 5
Copy used. 6
Copy used. 7
Copy used. 8
Copy used. 9
Copy used. 10
Copy used. 11
Copy used. 12
Copy used. 13
Copy used. 14
Copy used. 15
Copy used. 16
Copy used. 17
Copy used. 18
Copy used. 19
Copy used. 20
Copy used. 21
Copy used. 22
Copy used. 23
Copy used. 24
Copy used. 25
Copy used. 26
Copy used. 27
Copy used. 28
Copy used. 29
Copy used. 30
Copy used. 31
Copy used. 32
Copy used. 33
Copy used. 34
Copy used. 35
Copy used. 36
Copy used. 37
Copy used. 38
Copy used. 39
Copy used. 40
Copy used. 41
Copy used. 42
Copy used. 43
Copy used. 44
DEBUG: log prob output
[nan nan nan ... nan nan nan]
[nan nan nan ... nan nan nan]
[nan nan nan ... nan nan nan]
[nan nan nan ... nan nan nan]
[nan nan nan ... nan nan nan]
[nan nan nan ... nan nan nan]
[nan nan nan ... nan nan nan]
[nan nan nan ... nan nan nan]
[nan nan nan ... nan nan nan]
[nan nan nan ... nan nan nan]
[nan nan nan ... nan nan nan]
[nan nan nan ... nan nan nan]
[nan nan nan ... nan nan nan]
[nan nan nan ... nan nan nan]
[nan nan nan ... nan nan nan]
[nan nan nan ... nan nan nan]
[nan nan nan ... nan nan nan]
[nan nan nan ... nan nan nan]
[nan nan nan ... nan nan nan]
[nan nan nan ... nan nan nan]
[nan nan nan ... nan nan nan]
[nan nan nan ... nan nan nan]
[nan nan nan ... nan nan nan]
[nan nan nan ... nan nan nan]
An error occurred at this step!
[[nan nan nan ... nan nan nan]
 [nan nan nan ... nan nan nan]
 [nan nan nan ... nan nan nan]
 ...
 [nan nan nan ... nan nan nan]
 [nan nan nan ... nan nan nan]
 [nan nan nan ... nan nan nan]]
